0 0.259375 0.2203125 0.2515625 0.8734375 0.275 0.8859375 0.4453125 0.890625 0.8109375 0.896875 0.8265625 0.8875 0.828125 0.23125 0.8234375 0.2140625 0.8140625 0.209375 0.2828125 0.2109375
1 0.3 0.621875 0.2984375 0.6359375 0.30625 0.64375 0.321875 0.6375 0.315625 0.6171875
1 0.6109375 0.675 0.6109375 0.7 0.63125 0.7015625 0.634375 0.675
1 0.759375 0.496875 0.7578125 0.521875 0.76875 0.5390625 0.7796875 0.5375 0.7828125 0.4953125 0.7703125 0.4859375
1 0.5484375 0.5984375 0.5546875 0.621875 0.5703125 0.628125 0.5859375 0.621875 0.5890625 0.6 0.5765625 0.5875 0.5578125 0.5875
1 0.3671875 0.7703125 0.3671875 0.79375 0.3765625 0.803125 0.3859375 0.8046875 0.4 0.7953125 0.403125 0.775 0.3953125 0.7625 0.3796875 0.7578125
1 0.6359375 0.45625 0.634375 0.4734375 0.64375 0.4890625 0.659375 0.4890625 0.6703125 0.48125 0.6734375 0.4671875 0.6671875 0.4515625 0.6484375 0.4453125
1 0.5671875 0.7375 0.565625 0.7546875 0.578125 0.7703125 0.6046875 0.759375 0.6046875 0.7375 0.5921875 0.725 0.5796875 0.7234375
1 0.7484375 0.6734375 0.74375 0.7 0.75 0.715625 0.759375 0.721875 0.7765625 0.71875 0.7796875 0.671875 0.759375 0.665625
1 0.734375 0.840625 0.7328125 0.8640625 0.7421875 0.8796875 0.7625 0.88125 0.7765625 0.8703125 0.7796875 0.85 0.76875 0.83125 0.746875 0.828125
1 0.459375 0.8140625 0.459375 0.8421875 0.46875 0.85 0.49375 0.8515625 0.5046875 0.8421875 0.5109375 0.8125 0.4984375 0.78125 0.471875 0.7890625
1 0.65625 0.3015625 0.659375 0.3453125 0.684375 0.3640625 0.709375 0.3640625 0.721875 0.340625 0.715625 0.2953125 0.7 0.284375 0.684375 0.2828125
1 0.3296875 0.359375 0.33125 0.3859375 0.353125 0.403125 0.3953125 0.4 0.4171875 0.3734375 0.403125 0.340625 0.38125 0.3296875 0.3453125 0.3390625
1 0.775 0.2921875 0.778125 0.315625 0.7921875 0.3171875 0.8 0.303125 0.7953125 0.2859375 0.784375 0.284375