0 0.9984375 0 0 0 0 0.9984375 0.2 0.9984375 0.2173828125 0.9921875 0.9984375 0.9984375
1 0.2125 0.2890625 0.209375 0.3859375 0.1984375 0.4515625 0.2046875 0.478125 0.403125 0.653125 0.446875 0.6703125 0.4765625 0.6703125 0.4953125 0.6625 0.515625 0.6390625 0.5296875 0.60625 0.528125 0.5546875 0.475 0.4234375 0.4625 0.28125 0.45 0.2328125 0.4203125 0.1734375 0.39375 0.1578125 0.359375 0.15625 0.3125 0.1734375 0.3109375 0.184375 0.271875 0.1890625 0.2234375 0.2359375
1 0.5171875 0.3109375 0.515625 0.371875 0.5234375 0.403125 0.534375 0.4125 0.5671875 0.4078125 0.584375 0.4125 0.6015625 0.4265625 0.6265625 0.465625 0.646875 0.48125 0.675 0.4796875 0.762109375 0.4359375 0.809375 0.4390625 0.8234375 0.434375 0.840625 0.4109375 0.85625 0.36875 0.85625 0.340625 0.840625 0.309375 0.8265625 0.3125 0.8109375 0.3015625 0.809375 0.28125 0.7453125 0.2828125 0.6703125 0.26875 0.65 0.2703125 0.6 0.2890625 0.5328125 0.2796875
1 0.18125 0.78125 0.1890625 0.859375 0.2109375 0.91875 0.2375 0.9484375 0.275 0.965625 0.30625 0.9640625 0.328125 0.9515625 0.4296875 0.86875 0.45 0.8375 0.45 0.790625 0.4265625 0.725 0.4046875 0.690625 0.3390625 0.634375 0.303125 0.63125 0.2734375 0.6421875 0.25625 0.6578125 0.20625 0.7203125
1 0.734375 0.496875 0.734375 0.5171875 0.7515625 0.5359375 0.765625 0.5375 0.78125 0.5265625 0.7859375 0.4953125 0.7765625 0.48125 0.75 0.478125
1 0.79375 0.4671875 0.79375 0.4984375 0.821875 0.525 0.840625 0.5234375 0.8640625 0.496875 0.8640625 0.471875 0.840625 0.4453125 0.8140625 0.4484375
1 0.1953125 0.5671875 0.190625 0.5953125 0.2 0.6078125 0.2234375 0.6109375 0.2421875 0.596875 0.2453125 0.575 0.23125 0.5578125 0.20625 0.5578125
1 0.6944444444444445 0.5902777777777778 0.7465277777777779 0.5538194444444444 0.779513888888889 0.5416666666666667 0.8263888888888891 0.5659722222222223 0.8368055555555557 0.5902777777777779 0.8420138888888887 0.638888888888889 0.8663194444444446 0.6961805555555556 0.8680555555555557 0.7552083333333335 0.8645833333333334 0.826388888888889 0.8628472222222223 0.8802083333333334 0.8732638888888891 0.9409722222222225 0.8524305555555559 0.9288194444444446 0.8333333333333336 0.9236111111111113 0.7638888888888891 0.9548611111111114 0.7256944444444449 0.9600694444444444 0.6666666666666667 0.9375 0.6458333333333334 0.8958333333333336 0.6111111111111113 0.875 0.5572916666666667 0.8819444444444446 0.5399305555555556 0.890625 0.5138888888888891 0.8645833333333336 0.5138888888888891 0.8177083333333336 0.5538194444444444 0.8038194444444446 0.5937500000000002 0.7777777777777779 0.623263888888889 0.7430555555555556 0.6302083333333334 0.7065972222222224 0.6475694444444444 0.6666666666666667 0.6527777777777779 0.6371527777777779
1 0.8453125 0.5609375 0.8421875 0.5765625 0.846875 0.5890625 0.8578125 0.596875 0.875 0.5921875 0.88125 0.5828125 0.8796875 0.5625 0.865625 0.5546875
1 0.5515625 0.590625 0.5515625 0.61875 0.5671875 0.634375 0.5859375 0.634375 0.6015625 0.621875 0.603125 0.5921875 0.5890625 0.575 0.565625 0.575
1 0.428125 0.9046875 0.425 0.928125 0.4359375 0.946875 0.459375 0.9515625 0.4734375 0.940625 0.478125 0.909375 0.46875 0.8953125 0.4453125 0.890625
1 0.5234375 0.940625 0.521875 0.9546875 0.53125 0.9734375 0.5484375 0.975 0.559375 0.965625 0.5625 0.9390625 0.55 0.925 0.5296875 0.9265625
1 0.590625 0.946875 0.5890625 0.9640625 0.596875 0.9734375 0.60625 0.9765625 0.6171875 0.9703125 0.6171875 0.9421875 0.6015625 0.9359375
1 0.515625 0.49375 0.515625 0.5109375 0.525 0.525 0.5375 0.528125 0.5484375 0.5203125 0.553125 0.50625 0.5484375 0.4875 0.528125 0.48125
1 0.8171875 0.253125 0.815625 0.2734375 0.8296875 0.284375 0.8390625 0.28125 0.846875 0.271875 0.8484375 0.25625 0.834375 0.2453125
1 0.1875 0.203125 0.1890625 0.2234375 0.20625 0.2296875 0.215625 0.21875 0.2125 0.196875 0.196875 0.19375
1 0.5109375 0.671875 0.5125 0.6921875 0.528125 0.6953125 0.5328125 0.675 0.525 0.66875
1 0.84375 0.9461805555555556 0.8593750000000002 0.9444444444444446 0.8680555555555559 0.9583333333333334 0.8593750000000003 0.9739583333333334 0.842013888888889 0.9722222222222223 0.8368055555555556 0.9583333333333334 0.8385416666666666 0.951388888888889