0 0.03125 0.0875 0.0359375 0.5078125 0.028125 0.678125 0.03125 0.73125 0.0375 0.7390625 0.03125 0.7484375 0 0.759375 0 0.90625 0.01875 0.9203125 0.1109375 0.94375 0.809375 0.9375 0.85625 0.934375 0.9703125 0.8953125 0.9765625 0.8796875 0.971875 0.759375 0.9625 0.7515625 0.9140625 0.74375 0.909375 0.7234375 0.9171875 0.6609375 0.9125 0.53125 0.9171875 0.45 0.9109375 0.4328125 0.915625 0.4109375 0.915625 0.128125 0.90625 0.059375 0.89609375 0.05234375 0.8828125 0.0234375 0.8765625 0.01875 0.8765625 0.0359375 0.8546875 0.04375 0.565625 0.0390625 0.5484375 0.0265625 0.53125 0.0390625 0.5125 0.040625 0.4703125 0.0375 0.465625 0.025 0.321875 0.040625 0.18125 0.0421875 0.0953125 0.034375 0.05625 0.046875 0.0390625 0.0640625
1 0.5875 0.3046875 0.5890625 0.3796875 0.6265625 0.4578125 0.6328125 0.5609375 0.621875 0.6296875 0.6265625 0.653125 0.7125 0.6859375 0.7328125 0.6859375 0.778125 0.671875 0.8109375 0.65 0.825 0.615625 0.84375 0.5203125 0.8421875 0.440625 0.825 0.303125 0.825 0.165625 0.8109375 0.15625 0.7828125 0.159375 0.7328125 0.2390625 0.7 0.265625 0.6546875 0.28125 0.596875 0.2875
1 0.65 0.1296875 0.65 0.1640625 0.6609375 0.1875 0.6890625 0.1984375 0.7140625 0.184375 0.7234375 0.165625 0.725 0.1375 0.7109375 0.115625 0.696875 0.10625 0.678125 0.1046875 0.6625 0.1125
1 0.128125 0.16875 0.125 0.2 0.1328125 0.221875 0.15 0.246875 0.1890625 0.2703125 0.21875 0.2765625 0.2484375 0.2703125 0.2796875 0.24375 0.296875 0.209375 0.2984375 0.1875 0.2890625 0.153125 0.2671875 0.1328125 0.240625 0.1234375 0.184375 0.1265625 0.1546875 0.140625
1 0.2796875 0.3453125 0.2734375 0.365625 0.28125 0.415625 0.275 0.6359375 0.2875 0.6484375 0.353125 0.653125 0.371875 0.6296875 0.3875 0.5515625 0.3640625 0.3796875 0.34375 0.334375 0.325 0.3203125 0.2984375 0.3234375
1 0.121875 0.5734375 0.1171875 0.6953125 0.125 0.740625 0.1375 0.759375 0.1578125 0.7734375 0.18125 0.7796875 0.2046875 0.7765625 0.234375 0.7453125 0.24375 0.7125 0.2359375 0.703125 0.24038461538461534 0.705528846153846 0.251201923076923 0.6598557692307692 0.2415865384615384 0.6466346153846153 0.228125 0.63125 0.2109375 0.6 0.1671875 0.565625 0.1296875 0.5609375
1 0.7078125 0.8515625 0.70625 0.878125 0.7203125 0.903125 0.75 0.9125 0.771875 0.9 0.7828125 0.8640625 0.7671875 0.83125 0.7515625 0.821875 0.734375 0.8234375
1 0.2265625 0.790625 0.225 0.815625 0.2359375 0.8328125 0.25625 0.8375 0.2703125 0.828125 0.275 0.7953125 0.265625 0.7796875 0.240625 0.7765625
1 0.365625 0.25625 0.3703125 0.303125 0.384375 0.3171875 0.4046875 0.31875 0.4109375 0.2328125 0.3890625 0.228125
1 0.365625 0.25625 0.36875 0.3 0.384375 0.3171875 0.4362980769230768 0.3040865384615384 0.4350961538461539 0.24879807692307693 0.40625 0.228125 0.38125 0.2328125
1 0.5625 0.1703125 0.55625 0.1859375 0.5578125 0.215625 0.5640625 0.2234375 0.5875 0.240625 0.615625 0.23125 0.63125 0.203125 0.6234375 0.1671875 0.60625 0.153125 0.5890625 0.1515625
1 0.35625 0.1515625 0.353125 0.18125 0.3625 0.2 0.3796875 0.2109375 0.4046875 0.20625 0.4140625 0.1796875 0.409375 0.1484375 0.3890625 0.134375 0.378125 0.134375 0.3671875 0.1375
1 0.521875 0.10625 0.521875 0.128125 0.528125 0.134375 0.5515625 0.134375 0.5671875 0.121875 0.5640625 0.0984375 0.5515625 0.09375 0.5328125 0.0953125
1 0.153125 0.4015625 0.1515625 0.421875 0.165625 0.4421875 0.184375 0.44375 0.1984375 0.4328125 0.1984375 0.4015625 0.184375 0.3859375 0.16875 0.384375