0 0.0171875 0.121875 0.015625 0.2 0.0265625 0.2296875 0.0296875 0.928125 0.0359375 0.99375 0.0421875 0.9984375 0.9984375 0.9953125 0.990625 0.921875 0.9875 0.724609375 0.9875 0.215625 0.978125 0.121875 0.9609375 0.1 0.9 0.084375 0.11875 0.0859375 0.059375 0.10625 0.05 0.090625 0.0328125 0.0953125
1 0.490625 0.321875 0.490625 0.371875 0.503125 0.421875 0.5390625 0.465625 0.5640625 0.48125 0.60625 0.4828125 0.63125 0.4765625 0.65625 0.4625 0.6921875 0.4203125 0.6984375 0.3890625 0.6828125 0.3453125 0.64375 0.3046875 0.6140625 0.2875 0.5765625 0.278125 0.5296875 0.28125 0.503125 0.2984375
1 0.1203125 0.3390625 0.1171875 0.36875 0.125 0.409375 0.15 0.446875 0.18125 0.4640625 0.228125 0.4640625 0.2609375 0.4515625 0.296875 0.415625 0.309375 0.3828125 0.3046875 0.3296875 0.271875 0.30625 0.2296875 0.2984375 0.1828125 0.3 0.1359375 0.3171875
1 0.8203125 0.359375 0.8203125 0.40625 0.85 0.4484375 0.8703125 0.4578125 0.903125 0.459375 0.9328125 0.45 0.9515625 0.434375 0.9625 0.4078125 0.9609375 0.384375 0.95 0.35625 0.9203125 0.33125 0.8953125 0.321875 0.8640625 0.321875 0.8453125 0.3296875
1 0.30625 0.84375 0.30625 0.8796875 0.3171875 0.903125 0.3515625 0.9359375 0.384375 0.9515625 0.4359375 0.953125 0.459375 0.946875 0.478125 0.9328125 0.4953125 0.896875 0.4890625 0.85625 0.440625 0.7765625 0.4265625 0.7625 0.39375 0.746875 0.3625 0.746875 0.3515625 0.75625
1 0.15625 0.6890625 0.1546875 0.7203125 0.1609375 0.7390625 0.1734375 0.7515625 0.1953125 0.759375 0.215625 0.759375 0.2453125 0.7453125 0.2640625 0.715625 0.2640625 0.684375 0.2546875 0.665625 0.2203125 0.646875 0.1859375 0.6515625 0.16875 0.665625
1 0.3296875 0.575 0.328125 0.596875 0.3484375 0.61875 0.3734375 0.61875 0.3921875 0.6046875 0.39375 0.5765625 0.375 0.5578125 0.3421875 0.559375
1 0.1125 0.540625 0.1078125 0.5609375 0.115625 0.5796875 0.1484375 0.5859375 0.1609375 0.578125 0.1671875 0.565625 0.1609375 0.5375 0.1453125 0.528125 0.13125 0.528125
1 0.125 0.615625 0.1203125 0.621875 0.125 0.6453125 0.15 0.6484375 0.1578125 0.6375 0.153125 0.6171875 0.146875 0.6125
1 0.0671875 0.68125 0.065625 0.7125 0.0734375 0.721875 0.103125 0.728125 0.1203125 0.7171875 0.1234375 0.6890625 0.1109375 0.6703125 0.0921875 0.6671875
1 0.046875 0.88125 0.0421875 0.9140625 0.05 0.93125 0.075 0.9390625 0.1015625 0.928125 0.1078125 0.90625 0.10625 0.8875 0.0984375 0.878125 0.0671875 0.871875
1 0.1609375 0.8640625 0.1625 0.884375 0.184375 0.8828125 0.18125 0.8625
1 0.2390625 0.971875 0.2390625 0.9921875 0.25625 0.99375 0.2609375 0.9765625 0.2546875 0.9671875
1 0.6875 0.8734375 0.684375 0.9078125 0.696875 0.9375 0.71875 0.9515625 0.74375 0.9546875 0.7796875 0.9453125 0.778125 0.9390625 0.7884615384615385 0.9423076923076923 0.7860576923076923 0.9302884615384615 0.796875 0.905048076923077 0.79375 0.8859375 0.7921875 0.86875 0.775 0.8515625 0.7546875 0.84375 0.721875 0.8453125
1 0.5796875 0.903125 0.575 0.9328125 0.5859375 0.940625 0.6078125 0.9390625 0.615625 0.9265625 0.6109375 0.90625 0.5984375 0.9
1 0.8265625 0.603125 0.8265625 0.6515625 0.8328125 0.6640625 0.8640625 0.6890625 0.9125 0.6875 0.934375 0.6703125 0.94375 0.653125 0.9390625 0.6 0.903125 0.5703125 0.85625 0.56875
1 0.5875 0.171875 0.5875 0.2 0.603125 0.215625 0.634375 0.21875 0.6578125 0.2 0.659375 0.171875 0.6390625 0.15 0.609375 0.15
1 0.3234375 0.2109375 0.3171875 0.2203125 0.3234375 0.246875 0.3359375 0.253125 0.3609375 0.2515625 0.3703125 0.2359375 0.3671875 0.2125 0.35 0.2015625
1 0.39375 0.309375 0.3921875 0.33125 0.4 0.34375 0.43125 0.34375 0.4375 0.315625 0.428125 0.303125 0.4078125 0.3
1 0.8515625 0.13125 0.8546875 0.159375 0.884375 0.15625 0.8859375 0.1375 0.8796875 0.128125
1 0.9046875 0.134375 0.9109375 0.1578125 0.9390625 0.153125 0.940625 0.1359375 0.934375 0.1265625 0.915625 0.125