0 0.08173076923076916 0.11418269230769233 0.07812500000000008 0.13701923076923084 0.08533653846153841 0.18149038461538472 0.09014423076923075 0.20432692307692318 0.084375 0.2328125 0.0546875 0.8953125 0.0578125 0.921875 0.06875 0.9359375 0.0984375 0.9484375 0.41015625 0.9640625 0.8015625 0.99375 0.871875 0.9953125 0.8734375 0.990625 0.9234375 0.9875 0.95625 0.96875 0.95625 0.7890625 0.9796875 0.2625 0.9796875 0.1671875 0.971875 0.1359375 0.9546875 0.1296875 0.8375 0.121875 0.21875 0.0984375 0.1875 0.0890625 0.18149038461538475 0.08774038461538466 0.170673076923077 0.09014423076923084 0.15745192307692318 0.08293269230769233 0.14903846153846168 0.09134615384615383 0.09375000000000008 0.09014423076923075 0.07812500000000008 0.09375
1 0.3234375 0.178125 0.325 0.215625 0.35625 0.246875 0.40625 0.2484375 0.4328125 0.221875 0.4328125 0.1796875 0.409375 0.1578125 0.35625 0.15 0.3375 0.1578125
1 0.653125 0.259375 0.6453125 0.275 0.6453125 0.321875 0.6671875 0.3578125 0.6859375 0.36875 0.7234375 0.36875 0.759375 0.340625 0.76875 0.2890625 0.759375 0.259375 0.746875 0.2484375 0.7265625 0.2375 0.6828125 0.2375
1 0.6546875 0.765625 0.6578125 0.834375 0.6734375 0.871875 0.696875 0.9015625 0.721875 0.91875 0.7796875 0.928125 0.8296875 0.915625 0.8671875 0.89375 0.896875 0.8484375 0.9 0.790625 0.884375 0.753125 0.8359375 0.70625 0.8015625 0.6921875 0.7390625 0.6890625 0.703125 0.696875 0.675 0.7203125
1 0.4171875 0.5484375 0.4171875 0.590625 0.4390625 0.6109375 0.4859375 0.609375 0.5078125 0.5828125 0.503125 0.54375 0.4828125 0.5265625 0.440625 0.5234375
1 0.2171875 0.8125 0.2125 0.8328125 0.2171875 0.865625 0.2375 0.8875 0.26875 0.896875 0.3078125 0.8828125 0.315625 0.871875 0.31875 0.8328125 0.3015625 0.8078125 0.2546875 0.7953125 0.2296875 0.8
1 0.371875 0.43125 0.3703125 0.4578125 0.3875 0.4796875 0.4203125 0.4796875 0.434375 0.46875 0.4390625 0.434375 0.425 0.4203125 0.3953125 0.4140625
1 0.475 0.378125 0.475 0.4109375 0.4921875 0.434375 0.534375 0.434375 0.5546875 0.4109375 0.55625 0.38125 0.5375 0.35625 0.4984375 0.353125
1 0.3265625 0.2875 0.325 0.3140625 0.3375 0.3265625 0.3609375 0.33125 0.3796875 0.3203125 0.3828125 0.2921875 0.36875 0.278125 0.3421875 0.2765625
1 0.1375 0.303125 0.1359375 0.3234375 0.1484375 0.3390625 0.175 0.340625 0.1890625 0.328125 0.190625 0.3046875 0.1765625 0.290625 0.146875 0.2921875
1 0.0859375 0.375 0.0875 0.3984375 0.103125 0.4015625 0.1171875 0.3953125 0.11875 0.375 0.1125 0.36875 0.0984375 0.3671875
1 0.1828125 0.1765625 0.18125 0.196875 0.190625 0.209375 0.2171875 0.2140625 0.2328125 0.20625 0.2359375 0.1796875 0.2296875 0.165625 0.1984375 0.159375
1 0.2515625 0.21875 0.246875 0.2265625 0.2515625 0.2515625 0.278125 0.2546875 0.290625 0.246875 0.2921875 0.2265625 0.284375 0.215625 0.2625 0.2125
1 0.4140625 0.88125 0.4109375 0.9078125 0.41875 0.915625 0.4390625 0.9171875 0.446875 0.9109375 0.45 0.8859375 0.44375 0.8796875