0 0.009375 0.7453125 0.0078125 0.8875 0.0109375 0.9203125 0.0203125 0.9390625 0.0765625 0.9375 0.0796875 0.95 0.090625 0.953125 0.3484375 0.9578125 0.70625 0.9765625 0.8265625 0.978125 0.8578125 0.965625 0.865625 0.9546875 0.8703125 0.9203125 0.89375 0.434375 0.896875 0.2265625 0.9078125 0.184375 0.9015625 0.171875 0.90625 0.16875 0.9046875 0.09453125 0.9122596153846153 0.08653846153846168 0.90625 0.09375 0.8882211538461536 0.09615384615384626 0.8858173076923075 0.0853365384615385 0.8798076923076922 0.0865384615384615 0.8593749999999998 0.09375000000000008 0.8401442307692306 0.08413461538461542 0.8221153846153845 0.09254807692307691 0.8185096153846153 0.08774038461538466 0.803125 0.0859375 0.215625 0.059375 0.0859375 0.0578125 0.06875 0.0625 0.053125 0.0796875 0.0484375 0.1046875
1 0.103125 0.25 0.10625 0.2921875 0.115625 0.309375 0.13125 0.3171875 0.1546875 0.3203125 0.1828125 0.3109375 0.203125 0.275 0.2 0.2296875 0.18125 0.215625 0.13125 0.2171875
1 0.0734375 0.74375 0.071875 0.7875 0.09375 0.85625 0.10625 0.871875 0.1453125 0.8953125 0.2078125 0.9 0.2453125 0.884375 0.2765625 0.859375 0.2953125 0.834375 0.3078125 0.803125 0.3125 0.7546875 0.3015625 0.7015625 0.2765625 0.675 0.23125 0.6546875 0.190625 0.6546875 0.1234375 0.6765625 0.0796875 0.7203125
1 0.3859375 0.4453125 0.3859375 0.4796875 0.4 0.5 0.4171875 0.509375 0.4421875 0.509375 0.4578125 0.5015625 0.478125 0.471875 0.4796875 0.45 0.471875 0.43125 0.446875 0.4171875 0.4109375 0.4171875 0.3921875 0.43125
1 0.6296875 0.6828125 0.6296875 0.7265625 0.6578125 0.7609375 0.6859375 0.76875 0.721875 0.7671875 0.740625 0.759375 0.759375 0.7359375 0.7609375 0.6859375 0.7390625 0.653125 0.7140625 0.6453125 0.6734375 0.646875 0.64375 0.6625
1 0.5640625 0.496875 0.5640625 0.534375 0.5859375 0.5546875 0.621875 0.55625 0.6453125 0.534375 0.6453125 0.496875 0.621875 0.4765625 0.5875 0.4765625
1 0.75 0.3609375 0.75 0.4078125 0.775 0.4328125 0.8171875 0.434375 0.8390625 0.415625 0.8484375 0.3890625 0.8484375 0.353125 0.8265625 0.3265625 0.784375 0.325
1 0.51875 0.3875 0.51875 0.4203125 0.5265625 0.434375 0.5640625 0.4390625 0.5828125 0.4203125 0.5828125 0.384375 0.56875 0.3734375 0.5359375 0.371875
1 0.6734375 0.334375 0.66875 0.3703125 0.6828125 0.3828125 0.709375 0.3828125 0.721875 0.3640625 0.7203125 0.3390625 0.703125 0.325 0.6859375 0.325
1 0.7453125 0.2609375 0.74375 0.2765625 0.7515625 0.290625 0.7828125 0.2875 0.7828125 0.253125 0.7625 0.246875
1 0.7875 0.196875 0.7859375 0.215625 0.796875 0.2359375 0.821875 0.2375 0.8375 0.2234375 0.8328125 0.1875 0.8046875 0.178125
1 0.6609375 0.1515625 0.659375 0.1796875 0.6640625 0.184375 0.6859375 0.190625 0.7046875 0.18125 0.7078125 0.153125 0.7 0.1390625 0.6765625 0.1359375
1 0.6 0.0875 0.6 0.115625 0.625 0.11875 0.6328125 0.10625 0.628125 0.0890625
1 0.090625 0.4109375 0.0828125 0.41875 0.084375 0.44375 0.096875 0.4515625 0.115625 0.45 0.121875 0.4375 0.11875 0.4140625