0 0.0078125 0.028125 0 0.0296875 0 0.9828125 0.015625 0.9890625 0.9984375 0.9875 0.9953125 0.0125 0.9546875 0.0140625 0.953125 0.0203125 0.9265625 0.0234375 0.6421875 0.021875 0.559375 0.0328125 0.4734375 0.025 0.371875 0.0296875 0.35 0.0140625 0.346875 0.0046875 0.29375 0 0.2359375 0.0046875 0.19375 0.0328125 0.0703125 0.034375
1 0.18125 0.29821428571428577 0.1796875 0.32165178571428577 0.1875 0.33727678571428577 0.2046875 0.35290178571428577 0.2234375 0.3575892857142858 0.2671875 0.40602678571428574 0.6484375 0.5091517857142858 0.6625 0.5029017857142858 0.6765625 0.4513392857142858 0.753125 0.43102678571428577 0.7875 0.40290178571428575 0.7828125 0.3935267857142858 0.690625 0.3388392857142858 0.646875 0.2997767857142858 0.56875 0.25915178571428577 0.5203125 0.24352678571428577 0.49107142857142866 0.24107142857142866 0.4665178571428572 0.23214285714285726 0.44419642857142866 0.22991071428571414 0.4265625 0.23258928571428578 0.309375 0.23727678571428576 0.228125 0.2607142857142858 0.1921875 0.28258928571428577
1 0.8258928571428573 0.49553571428571425 0.7375 0.5484375 0.7375 0.55625 0.7546875 0.5640625 0.7796875 0.6234375 0.840625 0.6515625 0.884375 0.6921875 0.9046875 0.6578125 0.946875 0.659375 0.9546875 0.671875 0.95625 0.70625 0.99375 0.7078125 0.9984375 0.6234375 0.99375 0.6203125 0.99375 0.571875 0.9984375 0.5671875 0.9955357142857146 0.5290178571428571 0.9933035714285717 0.40625 0.9040178571428573 0.4129464285714288
1 0.1265625 0.0828125 0.125 0.1140625 0.1671875 0.1828125 0.1921875 0.196875 0.2125 0.1984375 0.23214285714285704 0.20982142857142852 0.24330357142857134 0.203125 0.27678571428571425 0.19642857142857134 0.32366071428571425 0.19642857142857134 0.3214285714285714 0.1584821428571428 0.2453125 0.09375 0.2046875 0.0640625 0.1609375 0.0640625
1 0.815625 0.2359375 0.8171875 0.25625 0.8359375 0.2703125 0.853125 0.2765625 0.89375 0.2765625 0.965625 0.2640625 0.990625 0.246875 0.9921875 0.2328125 0.9890625 0.2171875 0.9703125 0.2046875 0.9015625 0.1984375 0.8453125 0.2125
1 0.9421875 0.1171875 0.940625 0.1375 0.9515625 0.1484375 0.9984375 0.1578125 0.9984375 0.0734375 0.975 0.0796875
1 0.85625 0.3046875 0.859375 0.3234375 0.8796875 0.334375 0.915625 0.33125 0.93125 0.315625 0.9234375 0.3015625 0.9 0.29375 0.8765625 0.29375
1 0.8515625 0.896875 0.8515625 0.915625 0.8640625 0.9296875 0.9390625 0.9484375 0.9875 0.94375 0.9984375 0.91875 0.996875 0.871875 0.9890625 0.8640625 0.90625 0.859375 0.8609375 0.878125
1 0.4921875 0.771875 0.4890625 0.7890625 0.5015625 0.85625 0.5171875 0.8796875 0.5640625 0.91875 0.609375 0.93125 0.665625 0.9328125 0.715625 0.91875 0.753125 0.8953125 0.775 0.8703125 0.790625 0.8296875 0.790625 0.790625 0.7765625 0.775 0.715625 0.728125 0.6830357142857142 0.6941964285714288 0.6421875 0.69375 0.596875 0.7 0.5691964285714286 0.7142857142857146 0.5328125 0.7375 0.5 0.759375
1 0.375 0.6640625 0.3765625 0.69375 0.390625 0.7078125 0.434375 0.7265625 0.4671875 0.728125 0.5290178571428572 0.703125 0.534375 0.646875 0.5140625 0.6265625 0.4609375 0.6171875 0.4 0.6359375
1 0.409375 0.49375 0.40625 0.503125 0.4140625 0.528125 0.4359375 0.5453125 0.4625 0.5515625 0.5328125 0.5390625 0.5609375 0.5203125 0.5640625 0.50625 0.5609375 0.49375 0.5453125 0.4796875 0.496875 0.46875 0.440625 0.471875
1 0.0890625 0.6046875 0.0875 0.621875 0.0953125 0.6359375 0.15625 0.653125 0.2203125 0.6484375 0.2703125 0.6171875 0.2671875 0.6046875 0.2484375 0.59375 0.1875 0.58125 0.134375 0.584375
1 0.0640625 0.5359375 0.065625 0.5484375 0.08125 0.553125 0.103125 0.54375 0.0890625 0.528125
1 0.1296875 0.5234375 0.128125 0.5359375 0.1359375 0.54375 0.1578125 0.55 0.1828125 0.5484375 0.2046875 0.528125 0.2 0.5109375 0.175 0.503125 0.14375 0.5109375
1 0.3546875 0.575 0.353125 0.5859375 0.3640625 0.603125 0.4 0.6171875 0.44375 0.6140625 0.4734375 0.5921875 0.4640625 0.56875 0.4203125 0.5546875 0.3796875 0.55625
1 0.4828125 0.5640625 0.4859375 0.5796875 0.5078125 0.5875 0.5328125 0.584375 0.54375 0.575 0.540625 0.5625 0.5203125 0.553125 0.496875 0.5546875
1 0.51875 0.60625 0.51875 0.6203125 0.5390625 0.63125 0.5546875 0.63125 0.571875 0.6203125 0.571875 0.60625 0.5625 0.6 0.5359375 0.5984375
1 0.178125 0.8265625 0.1796875 0.8453125 0.1953125 0.8546875 0.2375 0.853125 0.2546875 0.8359375 0.246875 0.81875 0.2234375 0.8109375 0.1921875 0.815625
1 0.1796875 0.7484375 0.178125 0.759375 0.1890625 0.7703125 0.2171875 0.7703125 0.2296875 0.7609375 0.228125 0.7484375 0.215625 0.740625 0.190625 0.7390625
1 0.2515625 0.6703125 0.2484375 0.6828125 0.2625 0.6953125 0.296875 0.6953125 0.3125 0.684375 0.3125 0.675 0.3 0.6640625 0.2640625 0.6625
1 0.3 0.759375 0.296875 0.775 0.3125 0.7828125 0.3453125 0.771875 0.3375 0.7546875 0.3140625 0.753125
1 0.3140625 0.696875 0.3140625 0.7078125 0.334375 0.7171875 0.353125 0.715625 0.3671875 0.70625 0.3609375 0.6921875 0.3453125 0.6875 0.3234375 0.6890625
1 0.440625 0.96875 0.440625 0.9796875 0.459375 0.9890625 0.5109375 0.9875 0.5203125 0.98125 0.5171875 0.9640625 0.49375 0.9515625 0.4640625 0.953125
1 0.4375 0.875 0.4359375 0.8921875 0.446875 0.9 0.4859375 0.8953125 0.5078125 0.8796875 0.503125 0.865625 0.490625 0.859375 0.465625 0.8609375
1 0.81875 0.759375 0.8203125 0.7734375 0.83125 0.78125 0.8546875 0.7796875 0.865625 0.7703125 0.8625 0.759375 0.846875 0.7515625
1 0.5359375 0.9765625 0.534375 0.9890625 0.56875 0.9875 0.5625 0.9765625
1 0.1734375 0.984375 0.171875 0.9890625 0.3078125 0.984375 0.3328125 0.965625 0.334375 0.953125 0.309375 0.946875 0.2734375 0.9671875
1 0.5796875 0.1890625 0.5828125 0.2078125 0.6171875 0.2203125 0.65625 0.2125 0.6671875 0.1984375 0.659375 0.18125 0.6359375 0.1734375 0.5984375 0.1765625
1 0.6796875 0.0828125 0.6796875 0.096875 0.6890625 0.10625 0.7109375 0.1078125 0.725 0.0984375 0.7203125 0.078125 0.69375 0.0765625
1 0.95625 0.2734375 0.9546875 0.2859375 0.9625 0.29375 0.9953125 0.296875 0.9921875 0.2609375
1 0.4875 0.1484375 0.471875 0.1578125 0.4953125 0.1921875 0.534375 0.1921875 0.5578125 0.1734375 0.55625 0.1578125 0.546875 0.1484375 0.5234375 0.1421875
1 0.5015625 0.10625 0.4953125 0.1234375 0.5 0.13125 0.5203125 0.134375 0.528125 0.128125 0.5171875 0.096875 0.5140625 0.1046875
1 0.378125 0.0984375 0.3765625 0.1109375 0.384375 0.121875 0.4140625 0.1296875 0.4359375 0.121875 0.4328125 0.0921875 0.3953125 0.0890625
1 0.2265625 0.4765625 0.2234375 0.509375 0.23125 0.528125 0.246875 0.5375 0.31875 0.5484375 0.3640625 0.53125 0.3671875 0.4890625 0.34375 0.46875 0.259375 0.4640625
1 0.646875 0.5671875 0.653125 0.6078125 0.66875 0.6109375 0.675 0.60625 0.678125 0.575