0 0.203125 0.596875 0.203125 0.6921875 0.2125 0.75625 0.234375 0.8640625 0.2546875 0.903125 0.2828125 0.909375 0.290625 0.91875 0.4 0.9265625 0.49375 0.928125 0.5296875 0.91875 0.5328125 0.34375 0.365625 0.3265625 0.325 0.328125 0.290625 0.3390625 0.2640625 0.3640625 0.2328125 0.4390625 0.2140625 0.5015625
0 0.5953125 0.390625 0.590625 0.91875 0.596875 0.9265625 0.653125 0.934375 0.8703125 0.934375 0.9078125 0.8328125 0.928125 0.621875 0.9234375 0.5515625 0.8875 0.396875 0.834375 0.35625 0.759375 0.3421875 0.6125 0.340625 0.5984375 0.3546875
1 0.31875 0.7 0.31875 0.71875 0.328125 0.728125 0.334375 0.7234375 0.3359375 0.7046875 0.3265625 0.69375
1 0.2828125 0.6453125 0.28125 0.665625 0.290625 0.6703125 0.2953125 0.6515625 0.290625 0.64375
1 0.3390625 0.61875 0.3390625 0.6359375 0.3484375 0.6421875 0.3546875 0.6203125 0.3453125 0.6125
1 0.4390625 0.5984375 0.4359375 0.621875 0.446875 0.6328125 0.4546875 0.625 0.45625 0.6078125 0.45 0.596875
1 0.29375 0.5265625 0.2921875 0.54375 0.3046875 0.5484375 0.30625 0.5265625
1 0.375 0.590625 0.3734375 0.6046875 0.3828125 0.6109375 0.384375 0.590625
1 0.4390625 0.5296875 0.4390625 0.5484375 0.446875 0.553125 0.453125 0.5359375 0.4484375 0.5265625
1 0.4625 0.6375 0.4609375 0.653125 0.4703125 0.6578125 0.471875 0.640625
1 0.6671875 0.6671875 0.665625 0.684375 0.675 0.690625 0.6796875 0.6734375 0.6734375 0.6640625
1 0.65 0.6328125 0.653125 0.6515625 0.659375 0.6359375
1 0.775 0.5953125 0.7734375 0.6109375 0.7828125 0.6203125 0.7890625 0.6140625 0.7890625 0.596875 0.784375 0.590625
1 0.8328125 0.6265625 0.83125 0.6453125 0.8390625 0.6515625 0.846875 0.634375 0.840625 0.625
1 0.85625 0.6421875 0.853125 0.6578125 0.8609375 0.6625 0.8640625 0.646875
1 0.7984375 0.7359375 0.7984375 0.7546875 0.80625 0.75625 0.8078125 0.734375
1 0.6421875 0.55 0.6421875 0.565625 0.6484375 0.5671875 0.6515625 0.553125 0.646875 0.546875
1 0.665625 0.509375 0.66875 0.528125 0.675 0.5234375 0.675 0.5109375