0 0.565625 0.5484375 0.5625 0.8515625 0.571875 0.896875 0.6203125 0.9046875 0.8609375 0.9125 0.9390625 0.9109375 0.95 0.903125 0.9515625 0.6734375 0.9734375 0.5828125 0.9765625 0.5375 0.978125 0.3953125 0.9703125 0.2734375 0.7375 0.259375 0.5796875 0.259375 0.56875 0.3953125
1 0.6921875 0.453125 0.690625 0.4890625 0.696875 0.5 0.7078125 0.5015625 0.7171875 0.4828125 0.715625 0.4546875 0.7078125 0.4421875 0.7 0.4421875
1 0.64375 0.715625 0.6421875 0.7359375 0.653125 0.74375 0.659375 0.71875 0.653125 0.7109375
1 0.728125 0.6640625 0.728125 0.696875 0.734375 0.7078125 0.7484375 0.709375 0.7578125 0.684375 0.75 0.6484375 0.7390625 0.6453125
1 0.8296875 0.5515625 0.8328125 0.58125 0.8453125 0.5875 0.8546875 0.5640625 0.8515625 0.54375 0.8375 0.5375
1 0.8796875 0.490625 0.878125 0.5171875 0.8921875 0.528125 0.9015625 0.5125 0.9 0.4921875 0.890625 0.4828125
1 0.8265625 0.3875 0.8265625 0.4015625 0.834375 0.4109375 0.840625 0.3875 0.8359375 0.38125
1 0.8921875 0.3921875 0.890625 0.4109375 0.9 0.41875 0.9046875 0.39375
1 0.6078125 0.6359375 0.60625 0.65 0.6140625 0.6546875 0.6171875 0.6359375
0 0.059375 0.396875 0.0578125 0.528125 0.0765625 0.6046875 0.0734375 0.85625 0.078125 0.871875 0.0875 0.878125 0.196875 0.8890625 0.4171875 0.8921875 0.4578125 0.8875 0.4671875 0.7546875 0.465625 0.2484375 0.1703125 0.2359375 0.1125 0.240625 0.06696428571428567 0.234375 0.0714285714285714 0.27455357142857134 0.075 0.278125 0.0640625 0.2984375 0.0625 0.321875 0.05357142857142856 0.35267857142857134 0.0625 0.3883928571428571
1 0.3078125 0.7609375 0.30625 0.778125 0.315625 0.7875 0.321875 0.7625 0.31875 0.75625
1 0.1984375 0.70625 0.2 0.728125 0.209375 0.7328125 0.215625 0.7234375 0.2140625 0.7 0.2046875 0.6953125
1 0.1203125 0.6515625 0.11875 0.671875 0.1265625 0.6734375 0.1296875 0.653125