0 0.0984375 0.3140625 0.1046875 0.55625 0.0953125 0.865625 0.1015625 0.8953125 0.296875 0.9046875 0.540625 0.903125 0.65625 0.9109375 0.6807291666666667 0.90625 0.9125 0.90625 0.9203125 0.75625 0.9194711538461539 0.7524038461538461 0.9182692307692306 0.7379807692307694 0.920673076923077 0.7223557692307694 0.9194711538461536 0.7139423076923077 0.9206730769230769 0.7043269230769231 0.9146634615384613 0.7007211538461539 0.9170673076923075 0.6790865384615385 0.9206730769230769 0.6586538461538461 0.9182692307692306 0.6442307692307693 0.9170673076923075 0.6286057692307693 0.9194711538461536 0.608173076923077 0.923076923076923 0.592548076923077 0.9218749999999998 0.5733173076923077 0.923076923076923 0.5564903846153847 0.9194711538461539 0.5204326923076923 0.9266826923076923 0.467548076923077 0.9242788461538461 0.4134615384615385 0.9390625 0.328125 0.928125 0.3375 0.9078125 0.321875 0.9140625 0.29375 0.928125 0.284375 0.93125 0.2546875 0.93125 0.153125 0.9234375 0.1453125 0.746875 0.1359375 0.70625 0.1390625 0.696875 0.13125 0.65 0.1296875 0.603125 0.1296875 0.5015625 0.1453125 0.4375 0.134375 0.4296875 0.1265625 0.1203125 0.13125 0.1078125 0.15 0.10625 0.290625
1 0.6265625 0.36875 0.6234375 0.3921875 0.640625 0.4234375 0.7046875 0.4203125 0.7859375 0.434375 0.8421875 0.4109375 0.840625 0.403125 0.75 0.34375 0.740625 0.3203125 0.7296875 0.3125 0.6953125 0.3171875 0.6671875 0.3296875
1 0.7984375 0.215625 0.7921875 0.2375 0.7984375 0.2671875 0.8125 0.2765625 0.8375 0.271875 0.8515625 0.246875 0.8453125 0.21875 0.8234375 0.20625
1 0.309375 0.3828125 0.3140625 0.4265625 0.3296875 0.440625 0.390625 0.446875 0.415625 0.4421875 0.4328125 0.43125 0.4453125 0.4078125 0.4515625 0.3671875 0.4484375 0.34375 0.4296875 0.3046875 0.4078125 0.29375 0.3828125 0.296875 0.3625 0.309375 0.34375 0.35625
1 0.225 0.3859375 0.2265625 0.4046875 0.24375 0.4171875 0.271875 0.4046875 0.271875 0.38125 0.259375 0.36875 0.240625 0.36875
1 0.15 0.3265625 0.15 0.35625 0.1671875 0.3796875 0.19375 0.3828125 0.2171875 0.365625 0.2203125 0.3359375 0.2109375 0.315625 0.2 0.3078125 0.171875 0.3078125
1 0.1953125 0.6796875 0.196875 0.7140625 0.2171875 0.75 0.2625 0.7734375 0.3359375 0.76875 0.3578125 0.74375 0.3734375 0.7 0.3703125 0.665625 0.3578125 0.653125 0.3109375 0.6359375 0.2609375 0.634375 0.234375 0.640625 0.209375 0.65625
1 0.625 0.80625 0.625 0.8328125 0.6421875 0.853125 0.6859375 0.86875 0.7078125 0.859375 0.7078125 0.8375 0.690625 0.821875 0.678125 0.7984375 0.684375 0.7828125 0.7203125 0.746875 0.7296875 0.715625 0.7375 0.6484375 0.721875 0.625 0.6953125 0.6234375 0.671875 0.640625
1 0.8421875 0.6984375 0.8390625 0.7234375 0.8484375 0.7453125 0.8796875 0.7515625 0.8953125 0.74375 0.9015625 0.715625 0.890625 0.69375 0.859375 0.684375
1 0.778125 0.828125 0.778125 0.85625 0.7953125 0.8875 0.84375 0.871875 0.8625 0.840625 0.8546875 0.815625 0.8296875 0.8046875 0.8 0.80625
1 0.55 0.4671875 0.55 0.4859375 0.5609375 0.49375 0.584375 0.49375 0.59375 0.48125 0.5921875 0.465625 0.5828125 0.45625 0.56875 0.4546875
1 0.3640625 0.7796875 0.3625 0.809375 0.371875 0.81875 0.390625 0.8171875 0.4015625 0.8 0.396875 0.7796875 0.38125 0.7734375
1 0.4234375 0.5890625 0.4203125 0.60625 0.4265625 0.6140625 0.4421875 0.6171875 0.4546875 0.6078125 0.4484375 0.5859375 0.434375 0.5828125
1 0.221875 0.603125 0.2203125 0.6265625 0.2390625 0.6296875 0.246875 0.6203125 0.2453125 0.60625 0.2375 0.6
1 0.275 0.5859375 0.2765625 0.603125 0.2953125 0.6 0.2953125 0.5859375
1 0.259375 0.55625 0.2578125 0.5671875 0.2703125 0.5703125 0.271875 0.5546875
1 0.3859375 0.4546875 0.384375 0.4671875 0.390625 0.471875 0.4046875 0.465625 0.4 0.4515625
1 0.471875 0.4765625 0.4703125 0.4828125 0.478125 0.4859375 0.478125 0.475
1 0.2875 0.453125 0.2828125 0.4640625 0.290625 0.4671875 0.2953125 0.453125
1 0.8890625 0.3296875 0.8828125 0.3328125 0.8828125 0.346875 0.896875 0.3609375 0.9046875 0.3375