0 0.0046875 0.053125 0 0.0546875 0 0.725 0.0296875 0.740625 0.0625 0.78671875 0.0609375 0.9171875 0.06875 0.95 0.2140625 0.95625 0.2578125 0.9640625 0.259375 0.9703125 0.60625 0.9765625 0.7265625 0.971875 0.7953125 0.9453125 0.8125 0.9203125 0.8203125 0.8328125 0.821875 0.396875 0.8328125 0.2625 0.828125 0.121875 0.815625 0.078125 0.784375 0.05625 0.7 0.0453125
1 0.2796875 0.353125 0.265625 0.3875 0.2828125 0.403125 0.328125 0.415625 0.39375 0.4109375 0.4296875 0.4046875 0.4609375 0.3875 0.496875 0.340625 0.503125 0.3171875 0.496875 0.296875 0.465625 0.2671875 0.425 0.2578125 0.3484375 0.2953125
1 0.5328125 0.3890625 0.53125 0.4078125 0.5484375 0.4265625 0.6046875 0.44375 0.634375 0.44375 0.6796875 0.43125 0.7015625 0.41875 0.7125 0.396875 0.6953125 0.36875 0.6421875 0.359375 0.5890625 0.3625 0.54375 0.378125
1 0.609375 0.259375 0.6015625 0.2765625 0.6125 0.290625 0.6484375 0.3046875 0.70625 0.3046875 0.73125 0.2953125 0.753125 0.2625 0.7546875 0.246875 0.7265625 0.23125 0.684375 0.2296875 0.6421875 0.2390625
1 0.4203125 0.5171875 0.415625 0.5453125 0.4234375 0.5640625 0.45 0.5765625 0.534375 0.59375 0.6234375 0.5828125 0.646875 0.571875 0.6625 0.5546875 0.6625 0.5390625 0.6515625 0.5203125 0.621875 0.5 0.56875 0.484375 0.4796875 0.4890625 0.4453125 0.5
1 0.378125 0.6890625 0.38125 0.7109375 0.3984375 0.7265625 0.46875 0.7453125 0.5421875 0.7234375 0.559375 0.7078125 0.5640625 0.69375 0.55625 0.6765625 0.54375 0.6671875 0.5046875 0.65625 0.4171875 0.659375 0.396875 0.66875
1 0.690625 0.746875 0.690625 0.7625 0.7125 0.771875 0.7421875 0.7703125 0.765625 0.75625 0.759375 0.740625 0.7375 0.734375 0.6984375 0.7390625
1 0.6875 0.828125 0.6859375 0.8375 0.70625 0.85 0.734375 0.85 0.753125 0.8375 0.7515625 0.8296875 0.73125 0.821875 0.709375 0.8203125
1 0.3578125 0.8375 0.3484375 0.8484375 0.371875 0.8671875 0.4265625 0.8734375 0.4 0.8265625 0.3765625 0.828125
1 0.678125 0.946875 0.690625 0.953125 0.7265625 0.95 0.721875 0.9375 0.703125 0.934375
1 0.309375 0.7046875 0.30625 0.7109375 0.3140625 0.7203125 0.35625 0.71875 0.3734375 0.7109375 0.3703125 0.6984375 0.3515625 0.6921875 0.3328125 0.6921875
1 0.215625 0.471875 0.215625 0.490625 0.2234375 0.4984375 0.25625 0.4953125 0.2734375 0.48125 0.2453125 0.465625
1 0.3953125 0.1421875 0.4 0.153125 0.434375 0.15 0.434375 0.1421875 0.4234375 0.1375