0 0.025 0.321875 0.025 0.7 0.0390625 0.765625 0.0625 0.803125 0.0859375 0.8125 0.1484375 0.815625 0.8328125 0.8265625 0.9078125 0.8203125 0.934375 0.7875 0.9515625 0.7078125 0.9515625 0.278125 0.9421875 0 0.2671875 0 0.2625 0.0109375 0.2484375 0.0171875 0.25 0.0359375 0.2421875 0.053125 0.21875 0.0609375 0.05625 0.0609375 0.04375 0.075 0.0421875 0.1953125 0.0296875 0.2265625
1 0.59375 0.284375 0.584375 0.3234375 0.584375 0.3609375 0.5953125 0.4328125 0.60625 0.453125 0.6546875 0.496875 0.671875 0.5046875 0.7 0.496875 0.7203125 0.48125 0.740625 0.446875 0.74375 0.43125 0.7328125 0.3984375 0.696875 0.3375 0.65 0.28125 0.6296875 0.2671875 0.6109375 0.2640625
1 0.4203125 0.45625 0.4046875 0.5359375 0.415625 0.6265625 0.4359375 0.659375 0.4609375 0.6640625 0.490625 0.6375 0.509375 0.5953125 0.515625 0.5671875 0.5140625 0.496875 0.4984375 0.4453125 0.48125 0.421875 0.4671875 0.4171875 0.4390625 0.421875
1 0.5609375 0.5828125 0.55625 0.634375 0.5640625 0.66875 0.5796875 0.6984375 0.5984375 0.7125 0.6125 0.7125 0.6328125 0.6859375 0.640625 0.6296875 0.6390625 0.6015625 0.621875 0.54375 0.60625 0.5328125 0.590625 0.5328125 0.5734375 0.5484375
1 0.6953125 0.64375 0.69375 0.6859375 0.703125 0.7296875 0.725 0.7484375 0.75625 0.753125 0.7640625 0.740625 0.7703125 0.6984375 0.7546875 0.6328125 0.7359375 0.6046875 0.7203125 0.6015625 0.7078125 0.6140625
1 0.25625 0.45 0.253125 0.475 0.2765625 0.5453125 0.296875 0.5640625 0.31875 0.5609375 0.3359375 0.5359375 0.3453125 0.4828125 0.3453125 0.4484375 0.334375 0.403125 0.3109375 0.378125 0.2890625 0.3796875 0.2703125 0.403125
1 0.2828125 0.309375 0.2796875 0.35 0.2859375 0.371875 0.29375 0.375 0.30625 0.35625 0.30625 0.3296875 0.290625 0.3078125
1 0.1359375 0.3703125 0.1296875 0.41875 0.153125 0.415625 0.175 0.396875 0.1703125 0.3734375 0.153125 0.35 0.1421875 0.35625
1 0.2296875 0.703125 0.2296875 0.746875 0.240625 0.765625 0.2546875 0.765625 0.2640625 0.7421875 0.259375 0.6984375 0.2390625 0.690625
1 0.1515625 0.7 0.15 0.7375 0.15625 0.7515625 0.1671875 0.75625 0.1796875 0.71875 0.175 0.69375 0.1640625 0.684375
1 0.046875 0.6828125 0.0453125 0.7203125 0.053125 0.728125 0.0609375 0.7234375 0.0640625 0.690625 0.0515625 0.678125
1 0.5015625 0.2234375 0.5046875 0.259375 0.521875 0.2734375 0.5328125 0.25 0.53125 0.2234375 0.525 0.215625 0.509375 0.215625