0 0.203125 0.5578125 0.196875 0.6453125 0.2140625 0.7875 0.228125 0.85 0.2265625 0.903125 0.2734375 0.9109375 0.278125 0.91875 0.2890625 0.9203125 0.3984375 0.928125 0.528125 0.9265625 0.534375 0.8875 0.5375 0.4234375 0.5328125 0.34375 0.44375 0.340625 0.3640625 0.3265625 0.31875 0.3296875 0.290625 0.340625 0.2625 0.3625 0.2296875 0.4265625
1 0.325 0.69375 0.31875 0.7 0.31875 0.7171875 0.334375 0.7359375 0.3390625 0.71875 0.3328125 0.696875
1 0.39375 0.690625 0.39375 0.709375 0.4046875 0.7203125 0.4078125 0.690625 0.403125 0.6859375
1 0.2828125 0.6453125 0.28125 0.665625 0.2890625 0.6703125 0.2953125 0.653125 0.2921875 0.6453125
1 0.340625 0.615625 0.3390625 0.6359375 0.35 0.640625 0.353125 0.61875 0.346875 0.6125
1 0.4390625 0.5984375 0.4359375 0.621875 0.446875 0.6328125 0.4546875 0.625 0.45625 0.6078125 0.45 0.596875
1 0.375 0.590625 0.3734375 0.6046875 0.3828125 0.6109375 0.384375 0.590625
1 0.29375 0.5265625 0.2921875 0.5421875 0.2984375 0.55 0.3078125 0.5359375 0.3015625 0.5234375
1 0.4390625 0.5296875 0.4390625 0.5484375 0.446875 0.553125 0.453125 0.5359375 0.4484375 0.5265625
1 0.4078125 0.7015625 0.3953125 0.7046875 0.4125 0.728125 0.415625 0.7171875
1 0.4375 0.7078125 0.4375 0.721875 0.446875 0.721875 0.45 0.7046875
1 0.4625 0.6390625 0.4671875 0.6578125 0.471875 0.640625
0 0.603125 0.4546875 0.6109375 0.7515625 0.6265625 0.88125 0.6421875 0.9125 0.71875 0.928125 0.8484375 0.9265625 0.8796875 0.8953125 0.8875 0.875 0.9203125 0.6703125 0.91875 0.5546875 0.8859375 0.425 0.865625 0.3921875 0.8390625 0.3671875 0.80625 0.353125 0.759375 0.353125 0.734375 0.365625 0.709375 0.3671875 0.68125 0.359375 0.6359375 0.371875 0.6203125 0.3875
1 0.6671875 0.6671875 0.665625 0.684375 0.6734375 0.690625 0.678125 0.66875
1 0.6515625 0.63125 0.6484375 0.646875 0.6546875 0.6515625 0.6609375 0.640625
1 0.775 0.59375 0.7734375 0.6109375 0.7828125 0.6203125 0.7890625 0.6140625 0.7890625 0.596875 0.784375 0.590625
1 0.7390625 0.6953125 0.7375 0.7140625 0.7484375 0.721875 0.7546875 0.6984375 0.75 0.6921875
1 0.7984375 0.7359375 0.7984375 0.7546875 0.80625 0.75625 0.8078125 0.734375
1 0.6421875 0.55 0.640625 0.5609375 0.646875 0.5671875 0.6515625 0.553125 0.646875 0.546875
1 0.665625 0.509375 0.6640625 0.521875 0.671875 0.5265625 0.675 0.5109375
1 0.7390625 0.4765625 0.7390625 0.4921875 0.753125 0.5125 0.7578125 0.5046875 0.753125 0.478125 0.7484375 0.471875
1 0.8328125 0.6265625 0.83125 0.6453125 0.840625 0.6515625 0.846875 0.634375 0.840625 0.625
1 0.8546875 0.64375 0.853125 0.6578125 0.859375 0.6625 0.8640625 0.6484375