0 0.0375 0.1484375 0.0375 0.19375 0.05625 0.234375 0.096875 0.2796875 0.11875 0.290625 0.1609375 0.2984375 0.1921875 0.2953125 0.228125 0.278125 0.2703125 0.2234375 0.2765625 0.19375 0.2703125 0.1234375 0.25 0.0921875 0.2234375 0.06875 0.1875 0.053125 0.128125 0.0515625 0.075 0.0765625 0.0453125 0.121875
1 0.146875 0.1640625 0.15 0.2 0.16875 0.2046875 0.1921875 0.2 0.2 0.16875 0.190625 0.1515625 0.165625 0.146875
0 0.3765625 0.1484375 0.378125 0.1953125 0.4 0.2484375 0.434375 0.2796875 0.465625 0.290625 0.5203125 0.290625 0.559375 0.2734375 0.5921875 0.2390625 0.6125 0.1921875 0.6109375 0.1421875 0.5890625 0.0875 0.5484375 0.05 0.53125 0.0421875 0.478125 0.040625 0.4375 0.0546875 0.3984375 0.0875
1 0.4578125 0.1078125 0.459375 0.134375 0.4890625 0.15625 0.5109375 0.1484375 0.5234375 0.125 0.5203125 0.1015625 0.5078125 0.0859375 0.478125 0.084375
1 0.5390625 0.1484375 0.5390625 0.1703125 0.553125 0.1859375 0.56875 0.1875 0.5828125 0.1796875 0.5875 0.159375 0.575 0.134375 0.5546875 0.13125
0 0.7125 0.14375 0.7125 0.1953125 0.725 0.234375 0.759375 0.275 0.79375 0.2890625 0.8328125 0.2921875 0.890625 0.2734375 0.909375 0.2578125 0.9421875 0.1984375 0.94375 0.1578125 0.9359375 0.121875 0.9109375 0.0796875 0.8671875 0.0421875 0.815625 0.040625 0.7765625 0.053125 0.7265625 0.103125
1 0.7859375 0.1328125 0.79375 0.1609375 0.8109375 0.1640625 0.83125 0.1515625 0.8328125 0.13125 0.821875 0.11875 0.8046875 0.115625
0 0.7125 0.4796875 0.7109375 0.525 0.71875 0.559375 0.759375 0.6078125 0.7921875 0.6234375 0.8375 0.6265625 0.86875 0.61875 0.9109375 0.5890625 0.934375 0.5484375 0.940625 0.5015625 0.9328125 0.465625 0.9078125 0.4265625 0.8640625 0.4 0.8140625 0.39375 0.759375 0.4078125 0.71875 0.453125
1 0.7859375 0.4625 0.7859375 0.4859375 0.79375 0.49375 0.815625 0.4828125 0.8140625 0.4578125 0.79375 0.4546875
1 0.4546875 0.48125 0.45 0.5140625 0.4640625 0.5328125 0.4859375 0.5359375 0.5125 0.5203125 0.5125 0.48125 0.4953125 0.4734375 0.471875 0.4734375
0 0.040625 0.4765625 0.0390625 0.5125 0.05 0.553125 0.078125 0.5953125 0.121875 0.6203125 0.1796875 0.6234375 0.21875 0.6078125 0.25 0.5828125 0.271875 0.55 0.278125 0.48125 0.2703125 0.446875 0.2359375 0.403125 0.19375 0.3765625 0.14375 0.3765625 0.0875 0.4015625 0.0609375 0.43125
1 0.1625 0.4953125 0.1625 0.5171875 0.184375 0.5390625 0.209375 0.5390625 0.2234375 0.53125 0.23125 0.5171875 0.23125 0.496875 0.21875 0.4796875 0.1796875 0.478125
0 0.3765625 0.80625 0.3734375 0.8671875 0.3796875 0.8859375 0.3984375 0.921875 0.4484375 0.9609375 0.496875 0.965625 0.5484375 0.95625 0.590625 0.9171875 0.6125 0.871875 0.6125 0.8140625 0.6 0.778125 0.5671875 0.740625 0.5375 0.7234375 0.503125 0.71875 0.4390625 0.7265625 0.39375 0.7671875
1 0.4875 0.7953125 0.4828125 0.8203125 0.4953125 0.84375 0.5359375 0.846875 0.553125 0.8328125 0.5546875 0.80625 0.5390625 0.7859375 0.5109375 0.7796875
0 0.7140625 0.8140625 0.7140625 0.86875 0.7265625 0.9046875 0.759375 0.94375 0.7921875 0.9625 0.853125 0.965625 0.9 0.9546875 0.9515625 0.9125 0.9703125 0.86875 0.965625 0.8078125 0.9421875 0.7734375 0.8953125 0.7390625 0.85 0.7234375 0.803125 0.7234375 0.7609375 0.740625 0.728125 0.7734375
1 0.7953125 0.809375 0.796875 0.840625 0.8265625 0.8609375 0.8484375 0.859375 0.871875 0.8328125 0.86875 0.80625 0.8484375 0.790625 0.8171875 0.790625
0 0.0375 0.8234375 0.0375 0.8671875 0.0515625 0.9015625 0.096875 0.946875 0.1421875 0.9625 0.1765625 0.9625 0.2234375 0.9484375 0.2671875 0.915625 0.2875 0.8828125 0.296875 0.8484375 0.29375 0.8109375 0.271875 0.7734375 0.2265625 0.7390625 0.1734375 0.7234375 0.13125 0.725 0.0859375 0.74375 0.05625 0.7765625
1 0.084375 0.8421875 0.08125 0.85625 0.090625 0.86875 0.103125 0.8703125 0.115625 0.8625 0.1171875 0.846875 0.1109375 0.8390625 0.096875 0.8359375
1 0.184375 0.8046875 0.1859375 0.828125 0.2109375 0.825 0.215625 0.8078125 0.209375 0.8015625 0.1921875 0.7984375