0 0.0171875 0.0046875 0 0.0171875 0 0.9984375 0.9984375 0.9984375 0.9984375 0.0546875 0.9625 0.0453125 0.934375 0 0.0484375 0
1 0.5187499999999999 0.5301682692307692 0.5171874999999999 0.5832932692307693 0.5312499999999999 0.6411057692307692 0.5562499999999999 0.6754807692307693 0.5828125 0.6911057692307693 0.6296875 0.6911057692307693 0.6578124999999999 0.6692307692307693 0.6640624999999999 0.6707932692307692 0.6921875 0.6442307692307693 0.6984374999999999 0.6223557692307693 0.7171874999999999 0.5957932692307693 0.7203124999999999 0.5661057692307693 0.7163461538461539 0.5384615384615384 0.7139423076923076 0.5240384615384616 0.7079326923076923 0.5120192307692308 0.7015624999999999 0.4957932692307693 0.6640624999999999 0.45985576923076926 0.6265624999999999 0.44423076923076926 0.5796874999999999 0.43954326923076925 0.5624999999999999 0.44735576923076925 0.5406249999999999 0.47391826923076924
1 0.4078125 0.4203125 0.409375 0.48125 0.4234375 0.5046875 0.44375 0.521875 0.471875 0.5296875 0.490625 0.5265625 0.50625 0.51875 0.525 0.496875 0.5359375 0.465625 0.5328125 0.4296875 0.5140625 0.3984375 0.4875 0.375 0.4609375 0.3640625 0.4302884615384617 0.3629807692307693 0.4146634615384617 0.37980769230769224 0.4125 0.3984375
1 0.6265625 0.2890625 0.628125 0.328125 0.6515625 0.353125 0.678125 0.3546875 0.703125 0.3328125 0.7078125 0.290625 0.6890625 0.2625 0.6515625 0.2625
1 0.540625 0.2875 0.5390625 0.3046875 0.5515625 0.3234375 0.56875 0.3265625 0.584375 0.3140625 0.5859375 0.2953125 0.575 0.278125 0.5546875 0.275
1 0.671875 0.375 0.671875 0.390625 0.6796875 0.4015625 0.696875 0.4046875 0.70625 0.3984375 0.7078125 0.3703125 0.6859375 0.3609375
1 0.740625 0.353125 0.7390625 0.3765625 0.75 0.3953125 0.7703125 0.4 0.7890625 0.3875 0.7921875 0.3578125 0.784375 0.340625 0.771875 0.3375
1 0.440625 0.6625 0.4390625 0.678125 0.4546875 0.6828125 0.4578125 0.6640625 0.45 0.6578125
1 0.471875 0.6578125 0.4703125 0.6734375 0.478125 0.6890625 0.496875 0.6921875 0.50625 0.6859375 0.5109375 0.6625 0.5046875 0.6484375 0.484375 0.6453125
1 0.478125 0.609375 0.478125 0.625 0.4875 0.6328125 0.4984375 0.6296875 0.5 0.6078125 0.4890625 0.6015625
1 0.38125 0.6078125 0.3859375 0.6296875 0.4015625 0.634375 0.4125 0.6265625 0.4140625 0.60625 0.4078125 0.5984375
1 0.3453125 0.7125 0.35 0.7359375 0.3625 0.7390625 0.375 0.73125 0.36875 0.7046875 0.359375 0.703125
1 0.3484375 0.3703125 0.35 0.390625 0.36875 0.39375 0.375 0.38125 0.36875 0.365625 0.3546875 0.3640625
1 0.7265625 0.425 0.73125 0.4421875 0.74375 0.4421875 0.7515625 0.43125 0.7453125 0.41875